$ANSIBLE_VAULT;1.1;AES256
39323065623639613363633733383562313939663964343166386263383031353435303439313663
3966653965306434393562343331343164663166653666630a386338356338366565316661613939
35663435626166306438316565333663383833633262646536363638356365383339623737633335
6333386162646532660a623532663533326233376536366533336430653733373030363865383761
31343465666532393966396237356335313964643266336632396439336161326362343036356662
38323037343831663562363534323738333361376333323333613138356661346439366139616336
37303365663261626464313363353234353631373331346433663431323333613331366464356266
64383662613862616365336135316661326435633937353037303163643030313238326635613638
36396230633930366631316633643366633039363735653464306563613835303863386264666661
63656662383839393632303931643538663035383639623036373166373339346539323330643734
62323361326431623636366431376536323635623038663639373230646663396263326663663064
30383339396462343331396666323964313636346165666366303963373062663239623630336132
64663034323865303737343664303864383535303266323837353334633062383435376166313165
33376364383961346564333130653437616631386661396133313331363063353363363562343038
34376161313236636537636538663862663038383238323630373264336534323735356566663562
37396636316238396332633135306466643534303630336234373433653262306566306339353036
34646239643534643261323238393030323435353066396330396165303363666136623866306438
36626161386363323464383333326635666235373737333733363035376131653032653533393032
39306632303261336632333966653630363536663361636134303239363463633032643233353163
37356437366561653862316664316537313663653439393965306665323333393830343066336261
35336434633865623166393934656233356262303936323034303966393031393862353030643537
61313531636131323932393635646632393830633432613130396562393566623862666431613734
38366265353666303865373230343338666637663733633763666637336135386461393736623033
62623561336633646137323431383263643032376235396530616137343366633532383433316461
33393838316134643063643465316166303962373230353062326534333366393464356463623631
39323436313133313631343339366537376463386234383963336631373739353438383436346365
37313265623764333730396335373231613233353131356230663734393861313139383035636662
61336361643333323339326534656133653639396363373162396366653661303138343030333138
39343263646538333439303436336265363031623730356163373837363333323066646434626433
33613334313763313561393936656265663037646662313934653735383264616262623837306166
64303732333938356364303965623039356566616462646465643130346161313966336339376365
31643837656266353434303830316433643332626232616365616639663931323461366634653563
66366566336335373833363837386263366561623036623261663666623266333032313931316639
66336633356435366438346334616631313963653561346436346238616538373863373362643032
64646332646262306161386562363362363737646231353462636537343839623235636566313636
63356138386465326632333536366163626138323532613864626137343333303664626363653634
62366335333765376532326134663732626463643661333938313032363562346431303434396266
61643762393739626333663231656338653866633834333331626139303265373363666536623364
63653739303563666632363136376461363436636135313163353736623961346436353965663265
37626562343032366466333635616139323538613735366563393961656134636532663030343534
39326261363233663033336235323366636530356232383862343434393762626364393233646531
36373532376364383164393733376436663063343966356562376432326465623861356264336137
39656361376665393435646532663362333463366461303232376139373137636166383833643839
63376361636433343535326139616333666231636132323334353666323632656563346434633636
63633761623832333937393166663132393163323963316161356565373231643831396630653932
63303066356534366261623231333332376131663139626634346339613161616564313064653230
39316165373335616266343165383366333234653234363061663634376465663531646239396530
62333539323636643136303235646230626362626166333164653463323066326266343134356332
61616630306130303464633239313962313433306237313465626336666333366339633637366665
61353661643866616664373636383833663735656335623261636635313164356239646264383834
32346338656334313333616364666366346133323035646263356364366133383332333133366564
32653661323531333539373738653734333433373536633134626531323939666361343062326530
61373036356231616437663765376464643462613239393561656337353066626666303434633639
33326130346131316136666332383930383637393135636432633532633539353263363834363833
33343631643336613035366437373831653536373632383831623636336266646562613434363163
61636266386238643938626161396336613466653166643239326664383630363463353430653536
38633361613530336430316335333234326637313536393331623030316136643331623339353165
64633239333731666531366631366635386133613261393333366362663030656635306436346161
32613262353637623830306130626565303537656237306338323137316666623036343732386631
37386564643538666462313064666131333635643537323934386638333434353265346163313232
33623936643162346338343634383666636133636636303137666434366633623935653539343964
39633162396630383333653661333338663938623065386265646131343633613963303231373538
33306235663262323739393636613463366535643531643831346233326537386630626137363631
66306465373666643466366137373737303262393833613562386130653364386336623733663064
35356134336230306666326462303736333966653733356631613466616433636439666463343730
31356363353466386464333164326165343230663237633536613538386538636165636561633038
34663733653438663761383738363932343662356531653637313765396534376537633334316236
34346431336236386233366664666331323036646339363533363533653139353839333463333337
38343865613432326264386432306661613535656163333361383031623334333533656366636466
64303564663739363937323061383031643133356365636164616265386432313930323732336637
36633339346639303866326432633237356530316234383765666438393433363963313630303035
33643033386336363032326535366636343935643661616632613166313538666665343461346536
62343937316266623233303266346662316632336436356635343935646234386466333339343162
32646234343834323963376634653433386532313564313437383930336564376133373161646561
65373032373035663336303839626464343932343732373332653466663764376236653563663739
36616637666365643036613338363764343562333762396333343531326230383063346638316333
66346664343231306430666163663630343535323832336133656635643530376533653831666331
36313030373265366133643336376464383333616432623965626439313433623937333337623632
38313339343561323131623663616532313731383433393636373866656263613363613164323261
38623739666234306332393361313138393437353336623337653335326162346334623364656666
35656130333562313537366264653536383332373435613533363931653934623936303066353464
63663132663534356366343035323764336130623435326366313935333564303539333533613938
37386663626566623864326331303834366334623234363435393538626561626436366262613364
32666164366631613961353432643331316239393431643431613365316262386365633134626165
38356262393334396334613564623863343031313238313763356439623463323835336534376463
30363861373136376537316139393836366133623630336364653462623936613563313562646237
31363131316339393734383538393663363133303930303539636331396536373738616165363238
63653337633063373738396533636165643038373266613535663834336131613765653166363163
63326561633563653030363966303539383337646231613466613466303439306430636335623834
65393433363735616235323937663239323564396639633337616137396136353462323037373035
30306339346531333666326531623562643331343135376163636565663666643066613864386331
63333661663234623432313037393063316630366336323263336134313766303431643665323931
38653534646637356236333838666136353266393034616466663331373064323236306365366232
32343961626230336563356365613135323833323964643435623439666337646661393864653266
62373035346135396232623339356531633537353639643533393561386263386235663563343230
30366533306438356630383233306433623433346235656539386230313739333535316565333831
65333761343037376666346465356339336538653563623264306365396164643335386366306162
30373763393735303137336464613565366635643938623033363362316462313034663634633230
31346466363838353835643561646537316337623764353663346262373364343865633835366663
32396231636536303831333466643863646664666564636363383431326461663433643063653563
35353335373235313531636563373631303962633638376232346532316230313734626464353032
65383738333064393130326536616666333138626666373834633833346531333536613637633764
65633466653039643465303633363637373636393764303836313261643933643237663464613031
66643135396461383334323730313635666634633537373730636234313562373533646635653432
35306263633436383835646532356265613462663536366436346635316431613339643230393133
66366634323635653866396239623736626262353238313938353661633661656164613738323662
61613433373832366465333739636633613031353961383765656362326137393233343236393161
63653137323462666233313837366231363964666461643933643739626635306339636566393133
34396566633966343666633464323039643539643737316161303763326434373237643035633364
32303665393433346362376665663239623539346231366662303439373835346663646330633436
36393034623731666361623937343964383865613861343863663533313338666635383366653465
31623339393133396633383063313330346635393966353865346239393962363364366331646135
66616135343938386338303035643039316262626362616634653336613630313963326366653132
62396535383539333164376664613030386461393134336566653134353166663537633637396462
39383830356563306634356230386439653662616539306434363666356135313937633730366563
39646237373330343764333966613234376237336331623064636336623937343334316461343864
38303836636561613466663733336331376336303434333432346532356439386538626336326463
66383235653938373032393863313533313834316130643565383666363430363737373166326163
65643266616230383231653431306365653133396431636437356530343038396263616634386132
61663862633536376364306437643736363563663765643962643436323031323430303738623364
36396330616462653731316131373136613435343361396133313566323861313735343533333362
61346462663830306530656134663937356532643362613236306231613161333962366633376333
37306336656136623833663531663038336138646134373764373834653638643032333534636434
31346334393066313837336338376432376131633961623739633366343139616566356366316361
61636333663539396433316663623230633864396233346265346565623264653761666638343663
33333764333037363566626136616134636431613566333862336465383766323932323138656231
39626130623035643462623535356161663930323166623435396364646539353566376137306637
35393665376366333735626230373730636638376466643238393562373165383735613763366332
63653262653432643935646432343436656336313065303764663536353332633330336534323739
34393336666532313536656637386561663338383561653939333630643562306365323664666531
34346261633333333536643130306662626334353065653266633937363261346361643235326161
34303033663331656639626666623734383431633434376534613633363536346634393761386234
34646536383231366565336331303432316433346335313231663462633931616532653430613632
31316536306133373966663933616134613032383462303131663935623132306361653061396263
33353730313232383961333031303132626138396235356166333638663366633339393031363530
32316336626339636130636461363161663231653261393837383730666264653139636461663862
62306664643131363962303731646533383230646334656430643863646136633330343134656235
65343131643831373534663861656338326365656165623331336362613330623963356430653964
31633236633835333530623861363032626363646562653638326630306433346439616262393663
66666539643937643062393137663466653534386262333431356133663237306266343534326231
34373366633761313939363337393234663039643939636365356462636463623336666561383632
38343362666339386238373465306665316337313737636636643032633236383531626131373439
34633933373232653461353730663262396635353666613234396133666632313338353733343739
64353933383632653162366536626432393030643363666265393161306165366434636339613962
65653136383361643237626135666539633438343339363264663963393061363436303165313538
64653464343564363638636465386163323639653565353535366337633861626665643338306538
31646438353965333465333866633666636235356162333534656237366336656438663435306138
32346162336338313465333063613462386130316439663539313834393337326335616263356535
36613261333339653536613835343338623439313761343131313434333537613939623338633966
30323430396433376166306232303132353537663263316337383661306263303830666264633839
61376539383036346638633831653135306165343339643036666337383465333961656261373530
65316264373665306330623261303530653533383561316333663166373038643461666565643462
36313461656566633735383431343336626130663339363764646134333165643231323861613261
62616336336136303738663136326564313966343432303832626465633239383037323266393135
36616531323434306164373561373564616634636663636538643732613232633534643339353065
31363330663266623138613965613164663939383965646466396233303335613561643463366431
36623531376132636461376463346435363735356664356137356531363836636635663338363062
61363532646563613334316237666462346538366134643435303764616163316366376530313937
35376339656561316638333134333266376431306264623134663832393638323136366434396533
33343564636635336538346532656534613732666361663431326566373435666265633166343534
30623363653935353937623265616634613464653064653962323731353030393430633866353736
39623631623431343835663936313538613861323762626231623433326536313066303562663834
32646637663862656338393337666130316339306230313364636562376533633161373432666338
33313437623466343032333961626161326161623338316664633962616138613631626335353438
33393432363238643636356338316466666336393732333165616534393463333765386330373533
65623639386138613463393337663730633461653236363963376332333230386265366461393638
34306461323033303232353039356631653131323132396362366665366531643438366664626266
37666634663430363261663935623132383830653764386234373632303333363664656334633665
38313032353137396533306131653462633333393734636238383331653137383931643565373236
37643931373532333661363364343761656663306465346561633462326661653838623265373361
33353437376537366637393738613033653939626532336230303862306335633861323162333266
30636264393336313338333861623737623465313938656361623533386431353030363030633937
36353135653036353161313930613563306238373265373931373066383962313731
